1.1 Insertion Sort 
[22,27,16,2,18,6]
[2,27,16,22,18,6]
[2,6,16,22,18,27]
[2,6,16,18,22,27]
2. 1 O(n^(2 ))
1.2 Merge Sort
                                    [22,27,16,2,18,6]
                [22,27,16]                                    [2,18,6]
    [22,27]               [16]                        [2,18]         [6]
 [22]    [27]              [16]                [2]  [18]              [6]
    [22,27]               [16]                   [2,18]              [6]
               [16,22,27]                                   [2,6,18]
                                 [2,6,16,18,22,27]
2.2. 0(nlogn)
1.3 Quick Sort
[22,27,16,2,18,6]      [18] pivot
[16,2,6]      [18]pivot    [22,27]
 [2]  [6]pivot  [16]           [22]pivot   [27]
2.3. avarage case  O(nlogn)
worstcase  O(n^(2 ))

4.[2,6,16,18,22,27]
18 sayısı dizi yukarıdaki gibi sıralandığında avarage case kapsamına girer.
	[7,3,5,8,2,9,4,15,6] Insertion Sort

	[2,3,5,8,7,9,4,15,6]
	[2,3,4,8,7,9,5,15,6]
	[2,3,4,5,7,9,8,15,6]
	[2,3,4,5,6,9,8,15,7]

